10
20 1 2 3 4 5 6 7 8 9 10 11 12 13 14 15 16 17 18 19 20
20 120 266 858 1243 1657 1771 2328 2490 2665 2894 3117 4210 4454 4943 5690 6170 7048 7125 9512 9600
20 4011 1597 2073 4788 3234 3416 51954 4869 617 2082 1602 1018 1291 4922 4027 736 2961 4019 3093 1598
20 91432 72193 1361 15366 28786 23213 33447 35627 565 39572 57656 63493 88195 53603 67547 42345 29902 18005 44159 53053
20 10917 86896 24575 12195 67710 83067 78744 7923 92414 49546 49271 57386 10353 85212 28195 98776 39390 65032 48256 49544
20 22485 68052 21796 49873 84583 63693 52098 6589 41976 43568 14166 75589 60596 9905 47376 57749 24681 39177 87696 31099
20 610 2720 3216 46093 4826 3998 4060 4684 4102 52620 3694 3360 3038 1950 2410 1108 1442 3346 1130 2926
20 210 4962 1196 95807 2250 3400 4726 4920 988 4326 3062 18 1492 408 2826 466 45010 2098 3976 3686
20 58292 15994 8510 52865 98781 76580 92931 55409 37736 80922 39611 50916 90974 10251 56173 77751 44556 97518 36078 75545
20 58652 176 56369 62968 85955 79022 14332 78386 27028 419 9296 5183 37350 40936 26154 24192 95562 32071 95990 97202
